


[38;2;135;95;175m [38;2;136;95;173m [38;2;138;95;172m [38;2;139;94;170m [38;2;140;94;169m [38;2;142;94;167m [38;2;143;94;166m [38;2;144;94;164m [38;2;145;93;163m [38;2;147;93;161m,[38;2;148;93;160m.[38;2;149;93;158m.[38;2;151;92;157m.[38;2;152;92;155m.[38;2;153;92;154m.[38;2;155;92;152m.[38;2;156;92;151m.[38;2;157;91;149m.[38;2;158;91;148m.[38;2;160;91;146m.[38;2;161;91;145m [38;2;162;91;143m [38;2;164;90;142m [38;2;165;90;140m.[38;2;166;90;139m.[38;2;168;90;137m.[38;2;169;90;136m.[38;2;170;89;134m.[38;2;171;89;133m.[38;2;173;89;131m.[38;2;174;89;130m.[38;2;175;89;128m.[38;2;177;88;127m.[38;2;178;88;125m,
[38;2;135;95;175m [38;2;136;95;173m [38;2;138;95;172m [38;2;139;94;170m [38;2;140;94;169m [38;2;142;94;167m,[38;2;143;94;166m.[38;2;144;94;164m.[38;2;145;93;163m,[38;2;147;93;161m'[38;2;148;93;160m [38;2;149;93;158m [38;2;151;92;157m [38;2;152;92;155m [38;2;153;92;154m [38;2;155;92;152m [38;2;156;92;151m [38;2;157;91;149m [38;2;158;91;148m [38;2;160;91;146m [38;2;161;91;145m'[38;2;162;91;143m.[38;2;164;90;142m'[38;2;165;90;140m [38;2;166;90;139m [38;2;168;90;137m [38;2;169;90;136m [38;2;170;89;134m [38;2;171;89;133m [38;2;173;89;131m [38;2;174;89;130m [38;2;175;89;128m [38;2;177;88;127m [38;2;178;88;125m'[38;2;179;88;124m,[38;2;181;88;122m.[38;2;182;87;121m.[38;2;183;87;119m,
[38;2;135;95;175m [38;2;136;95;173m [38;2;138;95;172m [38;2;139;94;170m [38;2;140;94;169m,[38;2;142;94;167m'[38;2;143;94;166m [38;2;144;94;164m,[38;2;145;93;163m'[38;2;147;93;161m [38;2;148;93;160m [38;2;149;93;158ms[38;2;151;92;157my[38;2;152;92;155ms[38;2;153;92;154mv[38;2;155;92;152mi[38;2;156;92;151mn[38;2;157;91;149mi[38;2;158;91;148mt[38;2;160;91;146m [38;2;161;91;145m [38;2;162;91;143m:[38;2;164;90;142m [38;2;165;90;140m [38;2;166;90;139mu[38;2;168;90;137ms[38;2;169;90;136me[38;2;170;89;134ml[38;2;171;89;133me[38;2;173;89;131ms[38;2;174;89;130ms[38;2;175;89;128m [38;2;177;88;127m [38;2;178;88;125m [38;2;179;88;124m'[38;2;181;88;122m,[38;2;182;87;121m [38;2;183;87;119m'[38;2;184;87;118m,
[38;2;135;95;175m [38;2;136;95;173m [38;2;138;95;172m [38;2;139;94;170m,[38;2;140;94;169m'[38;2;142;94;167m [38;2;143;94;166m,[38;2;144;94;164m'[38;2;145;93;163m [38;2;147;93;161m [38;2;148;93;160m [38;2;149;93;158mi[38;2;151;92;157ms[38;2;152;92;155m [38;2;153;92;154m [38;2;155;92;152m [38;2;156;92;151m [38;2;157;91;149m [38;2;158;91;148m [38;2;160;91;146m [38;2;161;91;145m [38;2;162;91;143m:[38;2;164;90;142m [38;2;165;90;140m [38;2;166;90;139ms[38;2;168;90;137mt[38;2;169;90;136mu[38;2;170;89;134mp[38;2;171;89;133mi[38;2;173;89;131md[38;2;174;89;130m [38;2;175;89;128m [38;2;177;88;127m [38;2;178;88;125m [38;2;179;88;124m [38;2;181;88;122m'[38;2;182;87;121m,[38;2;183;87;119m [38;2;184;87;118m'[38;2;186;87;116m,
[38;2;135;95;175m [38;2;136;95;173m [38;2;138;95;172m,[38;2;139;94;170m'[38;2;140;94;169m [38;2;142;94;167m,[38;2;143;94;166m'[38;2;144;94;164m [38;2;145;93;163m [38;2;147;93;161m [38;2;148;93;160m [38;2;149;93;158mu[38;2;151;92;157mn[38;2;152;92;155mu[38;2;153;92;154ms[38;2;155;92;152ma[38;2;156;92;151mb[38;2;157;91;149ml[38;2;158;91;148me[38;2;160;91;146m [38;2;161;91;145m [38;2;162;91;143m:[38;2;164;90;142m [38;2;165;90;140m [38;2;166;90;139ms[38;2;168;90;137mh[38;2;169;90;136mi[38;2;170;89;134mt[38;2;171;89;133m [38;2;173;89;131m [38;2;174;89;130m [38;2;175;89;128m [38;2;177;88;127m [38;2;178;88;125m [38;2;179;88;124m [38;2;181;88;122m [38;2;182;87;121m'[38;2;183;87;119m,[38;2;184;87;118m [38;2;186;87;116m'[38;2;187;87;115m,
[38;2;135;95;175m [38;2;136;95;173m,[38;2;138;95;172m'[38;2;139;94;170m [38;2;140;94;169m,[38;2;142;94;167m'[38;2;143;94;166m.[38;2;144;94;164m.[38;2;145;93;163m.[38;2;147;93;161m.[38;2;148;93;160m.[38;2;149;93;158m.[38;2;151;92;157m.[38;2;152;92;155m.[38;2;153;92;154m.[38;2;155;92;152m.[38;2;156;92;151m.[38;2;157;91;149m.[38;2;158;91;148m.[38;2;160;91;146m,[38;2;161;91;145m [38;2;162;91;143m:[38;2;164;90;142m [38;2;165;90;140m,[38;2;166;90;139m.[38;2;168;90;137m.[38;2;169;90;136m.[38;2;170;89;134m.[38;2;171;89;133m.[38;2;173;89;131m.[38;2;174;89;130m.[38;2;175;89;128m.[38;2;177;88;127m.[38;2;178;88;125m.[38;2;179;88;124m.[38;2;181;88;122m.[38;2;182;87;121m.[38;2;183;87;119m'[38;2;184;87;118m,[38;2;186;87;116m [38;2;187;87;115m'[38;2;188;86;113m,
[38;2;135;95;175m,[38;2;136;95;173m'[38;2;138;95;172m [38;2;139;94;170m [38;2;140;94;169m'[38;2;142;94;167m.[38;2;143;94;166m.[38;2;144;94;164m.[38;2;145;93;163m.[38;2;147;93;161m.[38;2;148;93;160m.[38;2;149;93;158m.[38;2;151;92;157m.[38;2;152;92;155m.[38;2;153;92;154m.[38;2;155;92;152m.[38;2;156;92;151m.[38;2;157;91;149m [38;2;158;91;148m [38;2;160;91;146m [38;2;161;91;145m'[38;2;162;91;143m.[38;2;164;90;142m'[38;2;165;90;140m [38;2;166;90;139m [38;2;168;90;137m [38;2;169;90;136m.[38;2;170;89;134m.[38;2;171;89;133m.[38;2;173;89;131m.[38;2;174;89;130m.[38;2;175;89;128m.[38;2;177;88;127m.[38;2;178;88;125m.[38;2;179;88;124m.[38;2;181;88;122m.[38;2;182;87;121m.[38;2;183;87;119m.[38;2;184;87;118m'[38;2;186;87;116m [38;2;187;87;115m [38;2;188;86;113m'[38;2;190;86;112m,
[38;2;135;95;175m [38;2;136;95;173m'[38;2;138;95;172m'[38;2;139;94;170m'[38;2;140;94;169m'[38;2;142;94;167m'[38;2;143;94;166m'[38;2;144;94;164m'[38;2;145;93;163m'[38;2;147;93;161m'[38;2;148;93;160m'[38;2;149;93;158m'[38;2;151;92;157m'[38;2;152;92;155m'[38;2;153;92;154m'[38;2;155;92;152m'[38;2;156;92;151m'[38;2;157;91;149m'[38;2;158;91;148m'[38;2;160;91;146m;[38;2;161;91;145m'[38;2;162;91;143m'[38;2;164;90;142m'[38;2;165;90;140m;[38;2;166;90;139m'[38;2;168;90;137m'[38;2;169;90;136m'[38;2;170;89;134m'[38;2;171;89;133m'[38;2;173;89;131m'[38;2;174;89;130m'[38;2;175;89;128m'[38;2;177;88;127m'[38;2;178;88;125m'[38;2;179;88;124m'[38;2;181;88;122m'[38;2;182;87;121m'[38;2;183;87;119m'[38;2;184;87;118m'[38;2;186;87;116m'[38;2;187;87;115m'[38;2;188;86;113m'
[38;2;135;95;175m [38;2;136;95;173m [38;2;138;95;172m [38;2;139;94;170m [38;2;140;94;169m [38;2;142;94;167m [38;2;143;94;166m [38;2;144;94;164m [38;2;145;93;163m [38;2;147;93;161m [38;2;148;93;160m [38;2;149;93;158m [38;2;151;92;157m [38;2;152;92;155m [38;2;153;92;154m [38;2;155;92;152m [38;2;156;92;151m [38;2;157;91;149m [38;2;158;91;148m [38;2;160;91;146m [38;2;161;91;145m'[38;2;162;91;143m'[38;2;164;90;142m'
